0 0.113281 0.448205 0.042188 0.090256
1 0.163021 0.461538 0.047917 0.092308
1 0.286198 0.469231 0.058854 0.150769
1 0.333854 0.404615 0.012500 0.037949
1 0.348698 0.404103 0.023438 0.045128
1 0.419010 0.415897 0.027604 0.056410
1 0.413802 0.385641 0.016146 0.030769
1 0.453906 0.413846 0.022396 0.048205
1 0.485417 0.443590 0.037500 0.095385
1 0.440625 0.526154 0.068750 0.157949
1 0.534375 0.399487 0.017708 0.042051
1 0.524219 0.386667 0.010937 0.026667
1 0.620052 0.381538 0.013021 0.032821
1 0.632031 0.395897 0.015104 0.036923
1 0.665885 0.397949 0.028646 0.067692
1 0.694271 0.436410 0.036458 0.085128
1 0.729948 0.390769 0.027604 0.067692
1 0.787760 0.376410 0.020313 0.038974
1 0.825781 0.488718 0.081771 0.152821
1 0.884896 0.411282 0.036458 0.067692
1 0.963021 0.394359 0.033333 0.058462
1 0.986719 0.411795 0.026562 0.089231
1 0.216406 0.447179 0.046354 0.051282
