0 0.016406 0.363357 0.031771 0.100307
1 0.050521 0.386899 0.058333 0.116684
0 0.174219 0.384852 0.073438 0.153531
0 0.286198 0.424258 0.065104 0.172979
0 0.237500 0.333163 0.035417 0.074719
0 0.292448 0.321392 0.058854 0.069601
0 0.371875 0.311668 0.038542 0.095189
0 0.419010 0.346469 0.048438 0.109519
0 0.436979 0.306551 0.032292 0.068577
0 0.479687 0.294268 0.035417 0.074719
0 0.518490 0.369498 0.050521 0.131013
1 0.546094 0.573695 0.111979 0.258956
0 0.554688 0.316786 0.039583 0.097236
1 0.612240 0.293245 0.030729 0.066530
0 0.626042 0.255374 0.026042 0.052201
0 0.658333 0.358240 0.037500 0.106448
1 0.678385 0.272774 0.029687 0.072671
0 0.729948 0.283009 0.017188 0.074719
0 0.749219 0.305527 0.039062 0.095189
0 0.790625 0.277380 0.027083 0.073695
0 0.829427 0.300921 0.035937 0.088025
0 0.878125 0.280450 0.029167 0.075742
0 0.896354 0.374104 0.058333 0.148414
0 0.977344 0.321904 0.045312 0.134084
0 0.801042 0.433982 0.073958 0.186285
0 0.900521 0.652508 0.138542 0.363357
