0 0.058854 0.658487 0.052083 0.102249
0 0.090104 0.584356 0.042708 0.062372
0 0.186198 0.554703 0.030729 0.070552
0 0.165885 0.517382 0.027604 0.059305
0 0.224219 0.498978 0.021354 0.053170
0 0.253646 0.473926 0.019792 0.041922
0 0.278385 0.492331 0.022396 0.048057
0 0.304948 0.478528 0.018229 0.036810
0 0.230729 0.735685 0.054167 0.113497
0 0.292448 0.631902 0.033854 0.079755
0 0.331250 0.568507 0.028125 0.067485
0 0.356771 0.520450 0.020833 0.051125
0 0.373958 0.500000 0.018750 0.044990
0 0.385677 0.475460 0.019271 0.042945
0 0.432812 0.481084 0.016667 0.041922
0 0.426302 0.494888 0.019271 0.040900
0 0.419792 0.520450 0.020833 0.051125
0 0.401302 0.572597 0.026562 0.059305
0 0.394531 0.624233 0.034896 0.076687
0 0.364583 0.741309 0.048958 0.124744
0 0.511719 0.467791 0.013021 0.037832
1 0.518490 0.505624 0.017188 0.046012
0 0.557031 0.473415 0.019271 0.038855
0 0.535677 0.518916 0.017188 0.054192
0 0.558333 0.558793 0.026042 0.062372
0 0.596354 0.517894 0.026042 0.056237
0 0.582812 0.620143 0.033333 0.074642
0 0.623958 0.560838 0.025000 0.064417
0 0.690365 0.623211 0.034896 0.088957
0 0.660417 0.757157 0.046875 0.119632
0 0.814323 0.745910 0.053646 0.125767
0 0.677604 0.493865 0.022917 0.042945
0 0.720052 0.487219 0.019271 0.048057
0 0.733594 0.525051 0.024479 0.056237
0 0.779427 0.557260 0.028646 0.057260
0 0.793229 0.523517 0.025000 0.055215
0 0.875781 0.606339 0.042188 0.083845
0 0.974479 0.621677 0.043750 0.089980
