0 0.051823 0.597285 0.049479 0.153846
1 0.130990 0.596154 0.056771 0.151584
1 0.205469 0.638009 0.041146 0.162896
1 0.155208 0.415158 0.031250 0.128959
1 0.222396 0.394796 0.030208 0.133484
0 0.286198 0.412896 0.025521 0.119910
0 0.233333 0.251131 0.021875 0.095023
0 0.279948 0.257919 0.020313 0.099548
0 0.267448 0.165158 0.017188 0.076923
0 0.292708 0.118778 0.015625 0.079186
0 0.313281 0.162896 0.014063 0.081448
0 0.328125 0.166290 0.018750 0.088235
0 0.358073 0.132353 0.018229 0.097285
0 0.335938 0.114253 0.013542 0.065611
1 0.325521 0.079186 0.015625 0.058824
0 0.353906 0.063348 0.010937 0.045249
0 0.386979 0.078054 0.011458 0.065611
0 0.374740 0.014706 0.009896 0.024887
0 0.395313 0.016968 0.008333 0.029412
1 0.418229 0.023756 0.009375 0.038462
1 0.467448 0.023756 0.011979 0.038462
1 0.471615 0.079186 0.009896 0.054299
0 0.445833 0.124434 0.012500 0.067873
0 0.436198 0.165158 0.015104 0.081448
0 0.478125 0.191176 0.012500 0.061086
1 0.479427 0.133484 0.010937 0.054299
1 0.479687 0.291855 0.016667 0.095023
1 0.522917 0.191176 0.012500 0.070136
1 0.536719 0.101810 0.009896 0.049774
1 0.525000 0.024887 0.008333 0.045249
1 0.535677 0.028281 0.009896 0.047511
0 0.430469 0.242081 0.022396 0.095023
0 0.418229 0.350679 0.021875 0.122172
1 0.389583 0.590498 0.026042 0.122172
1 0.475000 0.584842 0.027083 0.124434
1 0.550521 0.566742 0.027083 0.160633
0 0.486198 0.376697 0.019271 0.101810
0 0.621615 0.504525 0.027604 0.153846
0 0.600521 0.376697 0.029167 0.110860
0 0.541667 0.333710 0.017708 0.124434
0 0.577604 0.261312 0.017708 0.101810
0 0.530990 0.264706 0.018229 0.095023
0 0.560937 0.179864 0.014583 0.079186
0 0.515885 0.115385 0.014063 0.063348
0 0.614583 0.062217 0.010417 0.061086
0 0.633594 0.031674 0.010937 0.045249
0 0.658333 0.078054 0.014583 0.065611
0 0.653906 0.209276 0.015104 0.074661
0 0.682552 0.257919 0.018229 0.085973
0 0.698958 0.208145 0.014583 0.076923
0 0.726302 0.197964 0.013021 0.065611
1 0.731250 0.131222 0.015625 0.067873
1 0.735417 0.291855 0.023958 0.076923
1 0.788021 0.285068 0.023958 0.108597
1 0.784375 0.386878 0.023958 0.113122
1 0.782292 0.556561 0.032292 0.144796
0 0.725781 0.402715 0.024479 0.108597
0 0.829167 0.354072 0.028125 0.124434
0 0.936458 0.595023 0.036458 0.153846
0 0.860417 0.470588 0.034375 0.153846
