1 0.103646 0.457732 0.052083 0.084536
1 0.184375 0.465464 0.047917 0.081443
1 0.221094 0.416495 0.034896 0.049485
1 0.347396 0.406701 0.023958 0.046392
1 0.423177 0.414948 0.026562 0.052577
1 0.452604 0.409794 0.016667 0.038144
1 0.477865 0.423196 0.035937 0.097938
1 0.443229 0.524227 0.062500 0.161856
0 0.305469 0.447938 0.066146 0.132990
1 0.532552 0.395361 0.020313 0.050515
1 0.611458 0.380928 0.012500 0.025773
1 0.622656 0.379897 0.013021 0.029897
1 0.631250 0.394330 0.017708 0.036082
1 0.659635 0.396907 0.032813 0.063918
1 0.700000 0.368041 0.019792 0.057732
1 0.728646 0.386598 0.028125 0.065979
1 0.787760 0.371649 0.019271 0.044330
1 0.697135 0.441237 0.040104 0.082474
1 0.808854 0.424227 0.047917 0.095876
1 0.834635 0.490722 0.081771 0.142268
1 0.884896 0.411340 0.034375 0.061856
1 0.954427 0.397423 0.038021 0.054639
1 0.990885 0.407732 0.018229 0.073196
