1 0.113281 0.464214 0.051562 0.081653
1 0.183333 0.478831 0.051042 0.092742
1 0.222656 0.435484 0.038021 0.050403
1 0.272917 0.527722 0.076042 0.182460
1 0.448958 0.537802 0.063542 0.164315
1 0.477344 0.412298 0.035937 0.086694
1 0.347135 0.418347 0.022396 0.044355
1 0.415104 0.402218 0.014583 0.034274
1 0.432812 0.426915 0.025000 0.059476
1 0.454948 0.428931 0.022396 0.047379
0 0.504948 0.409274 0.025521 0.064516
1 0.535677 0.409778 0.018229 0.043347
1 0.619531 0.400706 0.016146 0.039315
0 0.642969 0.401210 0.029687 0.064516
0 0.680729 0.446573 0.036458 0.074597
1 0.730208 0.402218 0.029167 0.062500
1 0.693750 0.402218 0.031250 0.042339
1 0.786719 0.383569 0.023438 0.037298
0 0.816146 0.399194 0.027083 0.032258
1 0.829167 0.495464 0.082292 0.148185
1 0.891406 0.429940 0.031771 0.055444
1 0.940365 0.419859 0.032813 0.059476
1 0.888281 0.389113 0.033854 0.034274
