0 0.054948 0.594681 0.038021 0.159574
1 0.123958 0.594681 0.044792 0.163830
0 0.208594 0.595745 0.033854 0.153191
0 0.159635 0.414894 0.031771 0.136170
1 0.218750 0.419149 0.030208 0.131915
1 0.283333 0.409574 0.027083 0.108511
0 0.232813 0.279787 0.020833 0.095745
0 0.279167 0.288298 0.018750 0.078723
0 0.333073 0.285106 0.016146 0.085106
0 0.268750 0.194681 0.016667 0.070213
1 0.289583 0.167021 0.016667 0.070213
0 0.314063 0.196809 0.015625 0.074468
1 0.333594 0.163830 0.014063 0.063830
1 0.304427 0.046809 0.013021 0.063830
1 0.318490 0.045745 0.008854 0.036170
1 0.324479 0.018085 0.010417 0.031915
1 0.340365 0.021277 0.011979 0.038298
0 0.352865 0.106383 0.009896 0.059574
0 0.368750 0.035106 0.009375 0.036170
1 0.390104 0.119149 0.011458 0.063830
0 0.356250 0.225532 0.016667 0.072340
0 0.385677 0.023404 0.007812 0.034043
0 0.406510 0.023404 0.006771 0.029787
0 0.397135 0.035106 0.006771 0.031915
0 0.419531 0.044681 0.008854 0.046809
0 0.412760 0.012766 0.004687 0.021277
0 0.429167 0.014894 0.008333 0.025532
0 0.449740 0.026596 0.009896 0.031915
0 0.471615 0.030851 0.009896 0.036170
0 0.467187 0.094681 0.012500 0.048936
1 0.446094 0.164894 0.010937 0.061702
0 0.438802 0.188298 0.013021 0.065957
0 0.430469 0.252128 0.016146 0.082979
0 0.414844 0.360638 0.020313 0.108511
1 0.392448 0.504255 0.025521 0.136170
0 0.477083 0.535106 0.023958 0.138298
0 0.486458 0.378723 0.018750 0.097872
0 0.479948 0.269149 0.015104 0.091489
0 0.477344 0.206383 0.014063 0.055319
0 0.482031 0.164894 0.011979 0.057447
0 0.512240 0.138298 0.011979 0.055319
0 0.533333 0.101064 0.012500 0.065957
1 0.549219 0.068085 0.007812 0.046809
0 0.521615 0.188298 0.014063 0.074468
0 0.524219 0.274468 0.019271 0.085106
0 0.545312 0.362766 0.018750 0.117021
0 0.549479 0.554255 0.027083 0.138298
1 0.603385 0.406383 0.022396 0.114894
1 0.569792 0.206383 0.017708 0.072340
1 0.576042 0.297872 0.015625 0.089362
0 0.622917 0.502128 0.026042 0.140426
0 0.612760 0.107447 0.011979 0.057447
0 0.634375 0.069149 0.008333 0.040426
0 0.628906 0.015957 0.007812 0.027660
0 0.648438 0.015957 0.008333 0.027660
0 0.532292 0.030851 0.008333 0.040426
0 0.617448 0.031915 0.010937 0.042553
1 0.648698 0.120213 0.014063 0.074468
0 0.654167 0.236170 0.014583 0.076596
0 0.687760 0.204255 0.014063 0.072340
1 0.687760 0.288298 0.016146 0.082979
0 0.729688 0.268085 0.015625 0.085106
0 0.722656 0.384043 0.022396 0.108511
0 0.776302 0.369149 0.021354 0.112766
0 0.773438 0.524468 0.025000 0.121277
0 0.776042 0.265957 0.019792 0.097872
0 0.729948 0.160638 0.014063 0.074468
1 0.831250 0.368085 0.028125 0.114894
0 0.856250 0.488298 0.031250 0.146809
0 0.907031 0.539362 0.030729 0.129787
