0 0.047656 0.599771 0.040104 0.153670
0 0.131250 0.567661 0.044792 0.162844
0 0.208333 0.604358 0.030208 0.167431
0 0.169792 0.376147 0.032292 0.119266
0 0.225260 0.371560 0.026562 0.133028
0 0.284635 0.413991 0.025521 0.121560
0 0.233333 0.256881 0.025000 0.100917
0 0.279687 0.259174 0.020833 0.100917
0 0.269792 0.158257 0.019792 0.082569
1 0.291667 0.119266 0.021875 0.082569
1 0.334375 0.126147 0.018750 0.077982
0 0.312760 0.160550 0.016146 0.087156
0 0.321094 0.051606 0.013021 0.066514
0 0.355469 0.063073 0.016146 0.071101
0 0.385937 0.068807 0.015625 0.068807
1 0.374740 0.018349 0.011979 0.032110
1 0.395833 0.014908 0.011458 0.025229
1 0.419010 0.016055 0.010937 0.027523
0 0.355469 0.198394 0.015104 0.089450
0 0.334635 0.255734 0.019271 0.089450
1 0.467187 0.024083 0.010417 0.043578
0 0.473438 0.076835 0.011458 0.066514
0 0.445833 0.126147 0.010417 0.064220
0 0.439063 0.155963 0.012500 0.077982
0 0.430208 0.224771 0.021875 0.096330
0 0.418229 0.348624 0.019792 0.110092
1 0.392448 0.553899 0.025521 0.130734
1 0.477083 0.602064 0.032292 0.139908
0 0.485417 0.366972 0.015625 0.119266
0 0.472917 0.274083 0.015625 0.089450
0 0.478646 0.166284 0.012500 0.071101
0 0.482292 0.116972 0.012500 0.059633
0 0.510938 0.106651 0.011458 0.061927
0 0.530990 0.060780 0.008854 0.052752
0 0.526302 0.019495 0.007812 0.034404
0 0.537500 0.021789 0.009375 0.038991
0 0.521354 0.168578 0.017708 0.080275
0 0.557813 0.172018 0.014583 0.073394
0 0.523177 0.251147 0.021354 0.094037
0 0.540625 0.315367 0.018750 0.116972
0 0.572917 0.253440 0.015625 0.084862
0 0.551042 0.543578 0.023958 0.142202
0 0.596094 0.368119 0.021354 0.126147
0 0.628385 0.504587 0.030729 0.160550
1 0.613021 0.024083 0.012500 0.043578
0 0.633854 0.018349 0.008333 0.032110
0 0.615625 0.071101 0.011458 0.055046
1 0.648438 0.074541 0.013542 0.061927
0 0.649740 0.178899 0.014063 0.068807
0 0.691667 0.180046 0.015625 0.075688
0 0.724479 0.197248 0.013542 0.068807
0 0.680469 0.247706 0.017188 0.077982
0 0.732031 0.272936 0.018229 0.087156
0 0.779427 0.244266 0.021354 0.098624
0 0.774479 0.346330 0.023958 0.119266
0 0.826562 0.347477 0.027083 0.130734
0 0.723698 0.402523 0.023438 0.112385
0 0.775521 0.533257 0.028125 0.139908
0 0.864062 0.494266 0.039583 0.185780
0 0.930729 0.572248 0.030208 0.149083
1 0.729948 0.120413 0.018229 0.075688
