0 0.015625 0.477064 0.030208 0.065240
0 0.041146 0.518858 0.036458 0.077472
0 0.077083 0.583588 0.043750 0.094801
1 0.138281 0.562691 0.044271 0.089704
1 0.088542 0.497961 0.035417 0.070336
0 0.064062 0.470438 0.028125 0.049949
0 0.136198 0.473496 0.035937 0.066259
1 0.188542 0.520387 0.035417 0.070336
0 0.178646 0.455657 0.025000 0.048930
0 0.220312 0.485729 0.029167 0.064220
0 0.378906 0.445973 0.018229 0.041794
0 0.399740 0.504077 0.030729 0.072375
0 0.446615 0.477064 0.022396 0.055046
1 0.447656 0.569317 0.039062 0.109072
1 0.457813 0.697248 0.061458 0.159021
1 0.482292 0.508665 0.026042 0.063201
0 0.519271 0.537717 0.042708 0.092762
1 0.648438 0.638634 0.056250 0.147808
1 0.752865 0.810907 0.102604 0.229358
0 0.743490 0.598879 0.053646 0.129460
0 0.638021 0.519368 0.036458 0.090724
0 0.576562 0.530581 0.034375 0.070336
0 0.541927 0.488787 0.029687 0.060143
0 0.500000 0.464832 0.022917 0.042813
0 0.628906 0.459735 0.017188 0.036697
0 0.650521 0.475025 0.021875 0.048930
0 0.671875 0.469929 0.016667 0.044852
0 0.719531 0.500000 0.019271 0.054027
0 0.734115 0.471967 0.018229 0.046891
0 0.765885 0.512232 0.025521 0.070336
0 0.782031 0.495923 0.016146 0.047910
1 0.845052 0.502548 0.029687 0.061162
0 0.898177 0.532620 0.045312 0.104995
1 0.925521 0.529562 0.027083 0.070336
0 0.968490 0.555556 0.042188 0.091743
