0 0.041146 0.556522 0.042708 0.144099
0 0.035417 0.381988 0.036458 0.100621
0 0.112500 0.404348 0.031250 0.110559
0 0.122656 0.240373 0.027604 0.080745
0 0.185677 0.254658 0.030729 0.084472
0 0.161719 0.159006 0.025521 0.072050
0 0.228646 0.170807 0.025000 0.073292
0 0.200521 0.118634 0.023958 0.073292
0 0.261198 0.124224 0.025521 0.072050
0 0.282552 0.090062 0.020313 0.060870
1 0.223438 0.072050 0.025000 0.067081
1 0.373698 0.101863 0.021354 0.081988
0 0.350000 0.137888 0.022917 0.067081
0 0.340885 0.206211 0.023438 0.089441
0 0.284115 0.387578 0.038021 0.101863
0 0.263802 0.531677 0.045312 0.131677
0 0.404427 0.527950 0.040104 0.134161
0 0.410938 0.352795 0.034375 0.114286
0 0.439063 0.221118 0.025000 0.086957
0 0.422396 0.136025 0.020833 0.065839
0 0.447396 0.063975 0.019792 0.055901
1 0.558854 0.035404 0.015625 0.055901
0 0.615104 0.036646 0.018750 0.058385
0 0.571615 0.090062 0.017188 0.060870
0 0.634635 0.068944 0.022396 0.070807
0 0.581250 0.142857 0.022917 0.052174
1 0.660417 0.174534 0.029167 0.083230
0 0.585417 0.204969 0.031250 0.079503
0 0.681771 0.234783 0.022917 0.086957
0 0.610156 0.339752 0.034896 0.118012
0 0.720833 0.281988 0.035417 0.101863
0 0.654427 0.506832 0.050521 0.146584
0 0.777344 0.508075 0.045312 0.154037
1 0.717187 0.044720 0.017708 0.057143
1 0.757812 0.091925 0.019792 0.074534
1 0.790365 0.126087 0.023438 0.078261
1 0.818229 0.229193 0.031250 0.103106
1 0.915625 0.301863 0.042708 0.121739
0 0.912500 0.195652 0.026042 0.090683
0 0.853125 0.109938 0.025000 0.078261
0 0.808594 0.073913 0.022396 0.063354
