1 0.031250 0.551857 0.057292 0.153649
1 0.029948 0.365557 0.039062 0.116517
1 0.119531 0.388604 0.031771 0.103713
1 0.098177 0.286812 0.027604 0.087068
1 0.179167 0.258643 0.030208 0.099872
1 0.149219 0.163252 0.029687 0.078105
1 0.225260 0.156210 0.027604 0.084507
1 0.194531 0.105634 0.023438 0.075544
1 0.253906 0.097951 0.025521 0.080666
1 0.226562 0.067862 0.023958 0.074264
0 0.370052 0.069782 0.021354 0.078105
1 0.442448 0.076825 0.024479 0.081946
1 0.340885 0.140845 0.029687 0.087068
1 0.423177 0.144686 0.026562 0.079385
1 0.337240 0.228553 0.030729 0.093470
1 0.433594 0.224712 0.027604 0.101152
1 0.288542 0.356594 0.035417 0.121639
1 0.425000 0.409731 0.043750 0.112676
1 0.255469 0.564020 0.056771 0.154930
1 0.410677 0.599232 0.049479 0.161332
1 0.550260 0.027529 0.021354 0.052497
1 0.573177 0.067222 0.022396 0.078105
1 0.589583 0.113316 0.022917 0.085787
1 0.591667 0.193342 0.029167 0.099872
1 0.605990 0.301536 0.039062 0.113956
1 0.659115 0.541613 0.058854 0.171575
1 0.764062 0.456466 0.050000 0.165173
1 0.732552 0.288732 0.034896 0.121639
1 0.677604 0.196543 0.029167 0.098592
0 0.655469 0.113956 0.027604 0.084507
0 0.629427 0.054417 0.027604 0.072983
1 0.715104 0.023047 0.017708 0.043534
0 0.759115 0.045455 0.022396 0.067862
0 0.807031 0.033931 0.024479 0.057618
1 0.793750 0.107554 0.021875 0.076825
1 0.862240 0.116517 0.027604 0.094750
1 0.810417 0.205506 0.031250 0.101152
1 0.911458 0.178617 0.029167 0.093470
1 0.911719 0.335467 0.043229 0.128041
1 0.991406 0.322663 0.017188 0.133163
