1 0.045833 0.641355 0.041667 0.184579
0 0.124479 0.596963 0.044792 0.170561
0 0.162240 0.392523 0.033854 0.140187
0 0.209375 0.620327 0.034375 0.179907
0 0.220052 0.387850 0.031771 0.154206
1 0.283594 0.411215 0.027604 0.130841
0 0.233594 0.251168 0.023438 0.105140
0 0.281250 0.261682 0.019792 0.093458
0 0.333854 0.264019 0.016667 0.102804
0 0.268750 0.156542 0.016667 0.088785
1 0.289844 0.123832 0.019271 0.088785
0 0.313021 0.168224 0.016667 0.093458
0 0.335156 0.116822 0.016146 0.088785
0 0.356510 0.188084 0.013021 0.077103
0 0.386198 0.066589 0.011979 0.058411
0 0.355469 0.044393 0.011979 0.065421
1 0.470573 0.063084 0.011979 0.056075
1 0.437760 0.154206 0.014063 0.070093
0 0.446094 0.130841 0.010937 0.065421
0 0.481771 0.160047 0.013542 0.067757
0 0.429688 0.205607 0.016667 0.102804
0 0.414583 0.338785 0.020833 0.112150
0 0.394271 0.496495 0.026042 0.151869
0 0.477083 0.529206 0.020833 0.147196
0 0.486458 0.359813 0.016667 0.116822
0 0.480208 0.242991 0.015625 0.098131
0 0.519271 0.253505 0.017708 0.081776
0 0.541667 0.321262 0.018750 0.133178
0 0.550521 0.545561 0.022917 0.142523
1 0.570573 0.274533 0.017188 0.095794
1 0.571094 0.183411 0.017188 0.077103
1 0.527604 0.185748 0.015625 0.063084
0 0.511979 0.106308 0.012500 0.072430
0 0.534635 0.053738 0.011979 0.065421
0 0.520312 0.016355 0.009375 0.028037
1 0.547656 0.018692 0.007812 0.032710
1 0.418490 0.014019 0.010937 0.023364
1 0.600260 0.386682 0.025521 0.114486
0 0.624479 0.487150 0.025000 0.137850
0 0.614583 0.070093 0.010417 0.060748
1 0.650000 0.082944 0.014583 0.063084
0 0.653646 0.206776 0.015625 0.086449
0 0.688542 0.178738 0.014583 0.086449
0 0.686719 0.265187 0.018229 0.086449
1 0.730990 0.239486 0.019271 0.095794
1 0.729948 0.387850 0.024479 0.121495
1 0.780990 0.366822 0.026562 0.126168
1 0.832552 0.357477 0.027604 0.144860
1 0.782552 0.530374 0.026562 0.135514
1 0.861979 0.494159 0.033333 0.184579
1 0.779427 0.247664 0.021354 0.102804
0 0.726823 0.102804 0.013021 0.074766
0 0.634115 0.024533 0.008854 0.044393
