1 0.044531 0.626464 0.045312 0.185012
1 0.126302 0.610070 0.055729 0.161593
1 0.204427 0.660422 0.040104 0.168618
0 0.160417 0.388759 0.033333 0.131148
1 0.223958 0.394614 0.030208 0.147541
1 0.286979 0.418033 0.026042 0.128806
1 0.228906 0.263466 0.023438 0.105386
0 0.278646 0.281030 0.023958 0.098361
1 0.266406 0.175644 0.019271 0.084309
0 0.291927 0.099532 0.015104 0.077283
1 0.313021 0.183841 0.013542 0.081967
1 0.335156 0.265808 0.018229 0.105386
1 0.356250 0.215457 0.015625 0.084309
1 0.334115 0.120609 0.018229 0.081967
0 0.353906 0.048009 0.014063 0.063232
0 0.383854 0.056206 0.011458 0.060890
0 0.472656 0.046838 0.010937 0.060890
0 0.614323 0.057377 0.010937 0.067916
0 0.426042 0.234192 0.016667 0.088993
1 0.445833 0.129977 0.010417 0.067916
1 0.436979 0.193208 0.016667 0.077283
1 0.421615 0.378220 0.021354 0.105386
1 0.390625 0.579625 0.028125 0.124122
1 0.475000 0.610070 0.026042 0.124122
1 0.486979 0.384075 0.019792 0.117096
1 0.483594 0.266979 0.017188 0.098361
1 0.479687 0.181499 0.013542 0.077283
1 0.487760 0.113583 0.014063 0.072600
1 0.526823 0.115925 0.009896 0.067916
1 0.535677 0.074941 0.010937 0.060890
1 0.524479 0.180328 0.016667 0.079625
1 0.568490 0.182670 0.016146 0.074941
1 0.535156 0.274005 0.016146 0.098361
1 0.547135 0.320843 0.019271 0.121780
0 0.553646 0.544496 0.027083 0.142857
1 0.639062 0.594848 0.029167 0.154567
0 0.606510 0.380562 0.022396 0.128806
1 0.578385 0.255269 0.015104 0.084309
1 0.650521 0.070258 0.014583 0.070258
0 0.633594 0.018735 0.009896 0.032787
0 0.724740 0.077283 0.014063 0.074941
0 0.682813 0.158080 0.015625 0.072600
0 0.726302 0.186183 0.013021 0.072600
1 0.655990 0.203747 0.014063 0.084309
1 0.685937 0.256440 0.017708 0.086651
1 0.738021 0.255269 0.019792 0.107728
0 0.775521 0.240047 0.019792 0.110070
1 0.734896 0.402810 0.027083 0.121780
1 0.781510 0.371194 0.025521 0.128806
1 0.831771 0.347775 0.031250 0.138173
1 0.792448 0.593677 0.030729 0.138173
1 0.882552 0.542155 0.040104 0.185012
