0 0.041406 0.596330 0.045312 0.093782
0 0.098177 0.604485 0.053646 0.108053
0 0.211979 0.613150 0.064583 0.135576
0 0.236979 0.562181 0.036458 0.088685
0 0.302865 0.553517 0.046354 0.085627
0 0.315365 0.655963 0.060937 0.145770
0 0.369010 0.527013 0.032813 0.087666
0 0.424479 0.579511 0.054167 0.111111
0 0.439063 0.530581 0.032292 0.054027
0 0.476562 0.518349 0.028125 0.074414
0 0.512240 0.597350 0.040104 0.112130
0 0.531510 0.520897 0.021354 0.053007
0 0.552865 0.540265 0.036979 0.077472
0 0.549740 0.488787 0.028646 0.041794
0 0.617708 0.463812 0.029167 0.028542
0 0.616927 0.497961 0.035937 0.066259
0 0.676302 0.486748 0.030729 0.062181
0 0.655990 0.514271 0.031771 0.047910
0 0.651042 0.571356 0.056250 0.092762
0 0.557813 0.724771 0.087500 0.171254
0 0.720573 0.504587 0.021354 0.065240
0 0.735417 0.530071 0.034375 0.085627
0 0.748698 0.631498 0.054688 0.125382
0 0.780208 0.789501 0.103125 0.208970
0 0.788802 0.500510 0.028646 0.065240
0 0.810417 0.520387 0.033333 0.070336
0 0.848698 0.604485 0.055729 0.118247
0 0.871615 0.501529 0.036979 0.079511
0 0.935417 0.543833 0.051042 0.094801
0 0.982031 0.513761 0.035937 0.065240
0 0.983073 0.599898 0.033854 0.149847
0 0.924219 0.685525 0.081771 0.160041
