0 0.030729 0.632986 0.052083 0.157757
0 0.026302 0.453064 0.041146 0.116037
0 0.133333 0.440026 0.033333 0.108214
0 0.112760 0.293351 0.029687 0.083442
0 0.186719 0.301173 0.026562 0.086050
0 0.161719 0.202086 0.031771 0.078227
0 0.203385 0.161669 0.031771 0.062581
0 0.223177 0.115385 0.027604 0.066493
0 0.229687 0.215124 0.025000 0.078227
0 0.260677 0.161017 0.027604 0.074316
0 0.285417 0.125815 0.022917 0.061278
0 0.254948 0.566493 0.047396 0.131682
0 0.298958 0.426336 0.032292 0.104302
0 0.403125 0.578227 0.045833 0.136897
0 0.430729 0.457627 0.035417 0.122555
0 0.336198 0.242503 0.025521 0.086050
0 0.351042 0.176010 0.025000 0.073012
1 0.370052 0.141460 0.027604 0.074316
0 0.432812 0.275750 0.030208 0.100391
0 0.426302 0.174707 0.023438 0.073012
1 0.436198 0.141460 0.023438 0.074316
0 0.445312 0.099087 0.017708 0.057366
0 0.554948 0.072360 0.022396 0.063885
0 0.570573 0.127119 0.020313 0.063885
0 0.582292 0.163625 0.022917 0.071708
0 0.580990 0.245111 0.025521 0.078227
0 0.609635 0.361799 0.030729 0.110821
0 0.740885 0.516297 0.044271 0.146023
0 0.726042 0.324641 0.033333 0.112125
0 0.677865 0.274446 0.026562 0.092568
0 0.656510 0.172099 0.023438 0.080834
0 0.636458 0.100391 0.022917 0.062581
0 0.618750 0.071708 0.018750 0.062581
1 0.714844 0.071056 0.018229 0.063885
0 0.783854 0.033898 0.018750 0.052151
1 0.754167 0.109518 0.029167 0.080834
0 0.804948 0.106258 0.023438 0.066493
0 0.791146 0.167536 0.019792 0.071708
0 0.853125 0.154498 0.026042 0.087353
0 0.819531 0.264016 0.031771 0.100391
0 0.912240 0.260104 0.028646 0.105606
0 0.883854 0.333768 0.032292 0.106910
0 0.648698 0.526728 0.052604 0.140808
