0 0.053646 0.545912 0.040625 0.135849
0 0.033854 0.400629 0.037500 0.106918
0 0.120833 0.416352 0.037500 0.118239
0 0.113542 0.245912 0.032292 0.094340
0 0.178646 0.242138 0.030208 0.091824
0 0.152604 0.153459 0.031250 0.085535
0 0.224740 0.184906 0.024479 0.080503
1 0.189844 0.123899 0.024479 0.079245
1 0.253385 0.116981 0.024479 0.077987
0 0.223177 0.085535 0.023438 0.075472
0 0.290625 0.059748 0.023958 0.076730
0 0.351823 0.141509 0.025521 0.079245
1 0.372656 0.128931 0.021354 0.089308
1 0.440885 0.106289 0.027604 0.076730
1 0.425000 0.136478 0.027083 0.086792
0 0.449479 0.060377 0.023958 0.067925
0 0.334375 0.240252 0.031250 0.095597
0 0.427344 0.229560 0.033854 0.099371
1 0.296354 0.401258 0.038542 0.120755
1 0.410938 0.435849 0.040625 0.091824
0 0.271875 0.545283 0.052083 0.149686
0 0.411979 0.537107 0.051042 0.155975
0 0.560417 0.030818 0.020833 0.054088
0 0.566927 0.085535 0.020313 0.070440
0 0.580208 0.126415 0.028125 0.084277
0 0.579427 0.214465 0.034896 0.091824
0 0.606771 0.338994 0.040625 0.124528
1 0.651042 0.544654 0.052083 0.148428
0 0.760938 0.511950 0.050000 0.161006
0 0.724479 0.294969 0.039583 0.116981
0 0.674219 0.210063 0.032813 0.108176
0 0.660417 0.132075 0.025000 0.085535
1 0.642708 0.084277 0.030208 0.072956
0 0.615625 0.033333 0.025000 0.061635
0 0.714063 0.040252 0.025000 0.065409
0 0.746094 0.109434 0.027604 0.075472
1 0.788542 0.145283 0.023958 0.094340
1 0.822656 0.103145 0.025521 0.070440
1 0.832031 0.245912 0.029687 0.086792
0 0.849479 0.117610 0.026042 0.101887
0 0.893490 0.189937 0.029687 0.098113
0 0.902344 0.303145 0.033854 0.105660
0 0.990885 0.338365 0.018229 0.108176
0 0.984375 0.464780 0.031250 0.127044
