1 0.105208 0.490312 0.053125 0.089343
1 0.162760 0.495694 0.052604 0.100108
1 0.290365 0.508073 0.054688 0.159311
1 0.346354 0.431109 0.018750 0.044133
1 0.335677 0.429494 0.016146 0.040904
1 0.413542 0.409580 0.015625 0.037675
1 0.426823 0.446717 0.028646 0.060280
1 0.455208 0.443488 0.017708 0.055974
1 0.482292 0.456405 0.033333 0.090420
1 0.437500 0.560280 0.066667 0.153929
0 0.518229 0.430032 0.025000 0.067815
1 0.611198 0.407966 0.010937 0.030140
1 0.620833 0.409580 0.015625 0.031216
1 0.632292 0.427879 0.014583 0.046286
1 0.658333 0.439182 0.032292 0.051668
1 0.694010 0.466631 0.038021 0.089343
1 0.728646 0.415501 0.027083 0.068891
1 0.789323 0.399892 0.020313 0.039828
1 0.823958 0.512917 0.076042 0.160388
1 0.886198 0.439182 0.029687 0.053821
1 0.988802 0.439720 0.022396 0.110872
1 0.961719 0.417653 0.044271 0.058127
1 0.866406 0.409042 0.034896 0.038751
1 0.212240 0.473628 0.035937 0.053821
0 0.503646 0.423036 0.015625 0.043057
