1 0.036719 0.644900 0.055729 0.133085
0 0.034115 0.396766 0.041146 0.126866
0 0.116406 0.396766 0.047396 0.119403
1 0.095833 0.314677 0.034375 0.089552
1 0.188542 0.294776 0.034375 0.094527
1 0.157292 0.195274 0.030208 0.077114
0 0.221094 0.179104 0.025521 0.087065
0 0.194792 0.115050 0.021875 0.068408
0 0.233854 0.071517 0.028125 0.068408
0 0.292448 0.077736 0.025521 0.078358
1 0.262500 0.130597 0.026042 0.074627
1 0.340625 0.157338 0.029167 0.073383
1 0.337240 0.242537 0.026562 0.101990
1 0.264062 0.559080 0.051042 0.148010
1 0.403385 0.611318 0.058854 0.150498
1 0.423958 0.427861 0.034375 0.101990
0 0.303385 0.402363 0.047396 0.110697
0 0.430469 0.238806 0.032813 0.082090
0 0.434375 0.099502 0.025000 0.067164
0 0.370052 0.089552 0.030729 0.079602
1 0.553125 0.041045 0.021875 0.062189
1 0.616146 0.042289 0.018750 0.067164
1 0.568750 0.092040 0.016667 0.072139
1 0.584115 0.255597 0.032813 0.098259
1 0.641927 0.515547 0.055729 0.152985
1 0.772656 0.505597 0.047396 0.167910
0 0.612240 0.325249 0.029687 0.113184
0 0.634635 0.057214 0.020313 0.064677
0 0.586198 0.125622 0.021354 0.074627
0 0.661719 0.144900 0.025521 0.080846
1 0.679688 0.211443 0.023958 0.101990
1 0.730208 0.307836 0.036458 0.135572
1 0.717969 0.030473 0.019271 0.058458
1 0.754948 0.102612 0.028646 0.075871
1 0.817969 0.102612 0.025521 0.060945
1 0.796094 0.145522 0.023438 0.067164
1 0.922917 0.371891 0.050000 0.111940
1 0.991146 0.365050 0.017708 0.115672
1 0.988021 0.504353 0.023958 0.143035
0 0.892969 0.203980 0.038021 0.087065
0 0.815365 0.194652 0.025521 0.090796
0 0.854427 0.123134 0.027604 0.084577
0 0.769792 0.027363 0.022917 0.052239
