1 0.091406 0.773238 0.117188 0.153218
0 0.078125 0.574566 0.046875 0.099081
0 0.041146 0.519918 0.034375 0.083759
0 0.017708 0.475996 0.031250 0.065373
0 0.084375 0.503064 0.035417 0.060266
1 0.139844 0.563841 0.042188 0.096016
0 0.194271 0.511747 0.032292 0.077630
0 0.144531 0.468846 0.038021 0.065373
0 0.175260 0.458631 0.023438 0.049030
0 0.063802 0.474464 0.024479 0.043922
0 0.221354 0.479571 0.027083 0.062308
0 0.400781 0.511236 0.025521 0.058223
0 0.400000 0.453013 0.019792 0.041879
0 0.390625 0.468335 0.023958 0.045965
0 0.450000 0.475485 0.019792 0.052094
0 0.472396 0.472932 0.019792 0.038815
0 0.501302 0.467314 0.019271 0.048008
1 0.483073 0.508172 0.023438 0.068437
0 0.440625 0.556180 0.038542 0.101124
0 0.460156 0.685393 0.049479 0.140960
0 0.526042 0.554137 0.035417 0.097038
0 0.543750 0.488764 0.025000 0.068437
0 0.585677 0.528601 0.030729 0.084780
0 0.636198 0.521961 0.034896 0.087845
1 0.650260 0.653218 0.053646 0.160368
0 0.748698 0.597549 0.054688 0.140960
0 0.632031 0.462717 0.018229 0.036772
0 0.659635 0.474974 0.021354 0.051073
0 0.674479 0.468846 0.014583 0.040858
0 0.720313 0.498468 0.021875 0.053115
0 0.733333 0.471910 0.018750 0.044944
0 0.784896 0.507661 0.029167 0.077630
1 0.842187 0.494382 0.028125 0.061287
1 0.902083 0.548519 0.051042 0.087845
0 0.967448 0.564862 0.034896 0.083759
0 0.975781 0.762513 0.048438 0.256384
1 0.748958 0.925945 0.143750 0.148110
