1 0.101823 0.462121 0.048438 0.085859
1 0.163281 0.477273 0.047396 0.089899
1 0.215104 0.456061 0.046875 0.045455
0 0.293490 0.481818 0.071354 0.163636
1 0.441667 0.530303 0.060417 0.149495
1 0.351562 0.408081 0.021875 0.038384
1 0.339583 0.406061 0.012500 0.040404
1 0.414062 0.400505 0.014583 0.037374
1 0.430469 0.419697 0.024479 0.059596
1 0.501563 0.439394 0.022917 0.056566
1 0.535156 0.408081 0.018229 0.048485
1 0.479167 0.410606 0.019792 0.033333
1 0.461719 0.441919 0.040104 0.085859
1 0.524219 0.397475 0.009896 0.025253
1 0.622917 0.389394 0.017708 0.037374
1 0.632031 0.403535 0.014063 0.027273
1 0.661979 0.400000 0.027083 0.062626
0 0.680729 0.420202 0.036458 0.072727
1 0.729688 0.398485 0.028125 0.061616
1 0.787760 0.381313 0.020313 0.037374
1 0.821615 0.394949 0.023438 0.044444
1 0.808854 0.437374 0.048958 0.080808
1 0.833073 0.509596 0.090104 0.138384
1 0.880469 0.417677 0.029687 0.059596
1 0.959115 0.402020 0.040104 0.064646
1 0.987240 0.419192 0.025521 0.086869
