0 0.017457 0.475104 0.033872 0.082988
0 0.036738 0.517635 0.042209 0.089212
0 0.077645 0.572614 0.051068 0.103734
1 0.140959 0.556535 0.045336 0.094398
0 0.084680 0.496888 0.041167 0.074689
0 0.064617 0.461618 0.025013 0.043568
0 0.142522 0.461618 0.031787 0.074689
0 0.176915 0.444502 0.023450 0.046680
0 0.216258 0.466286 0.025013 0.061203
0 0.194893 0.502593 0.030224 0.069502
0 0.400730 0.505187 0.025013 0.064315
1 0.443721 0.555498 0.041167 0.110996
1 0.454664 0.697095 0.060969 0.165975
0 0.452840 0.465768 0.021886 0.049793
1 0.482543 0.502075 0.023971 0.074689
0 0.521626 0.534751 0.039604 0.098548
0 0.500521 0.459025 0.018239 0.048755
0 0.544033 0.476660 0.029182 0.065353
0 0.577645 0.522303 0.033872 0.081950
0 0.639135 0.517635 0.036998 0.091286
0 0.645388 0.631743 0.059927 0.149378
0 0.741532 0.595436 0.056279 0.143154
1 0.810839 0.812241 0.125065 0.238589
0 0.390307 0.461618 0.023971 0.041494
0 0.395779 0.440871 0.023450 0.043568
0 0.638614 0.450207 0.019281 0.037344
0 0.662324 0.476141 0.019802 0.056017
0 0.673788 0.462656 0.011464 0.035270
0 0.719385 0.494813 0.020323 0.056017
0 0.735018 0.467324 0.018239 0.057054
0 0.775404 0.507261 0.026055 0.060166
1 0.843669 0.493776 0.025013 0.060166
0 0.917405 0.531639 0.045336 0.098548
0 0.970818 0.548755 0.042731 0.089212
