0 0.082552 0.189777 0.036979 0.088057
0 0.118750 0.231781 0.065625 0.135628
0 0.180469 0.220648 0.043229 0.101215
0 0.216406 0.195344 0.034896 0.085020
0 0.238542 0.279352 0.063542 0.129555
0 0.283594 0.174595 0.038021 0.092105
0 0.312760 0.147267 0.031771 0.063765
0 0.311719 0.216093 0.045312 0.102227
0 0.370312 0.164980 0.031250 0.074899
0 0.416146 0.208502 0.046875 0.113360
0 0.302083 0.440789 0.116667 0.276316
0 0.613542 0.567308 0.137500 0.371457
0 0.522135 0.319332 0.079687 0.189271
0 0.732292 0.321862 0.076042 0.212551
0 0.487760 0.180162 0.028646 0.070850
0 0.509375 0.201417 0.041667 0.085020
0 0.572917 0.177632 0.041667 0.084008
0 0.642708 0.233300 0.059375 0.130567
0 0.695833 0.194838 0.046875 0.104251
0 0.731771 0.181174 0.042708 0.087045
0 0.796094 0.261640 0.064062 0.144737
0 0.827083 0.205466 0.039583 0.129555
0 0.849479 0.175607 0.035417 0.102227
