0 0.213388 0.648489 0.122243 0.149918
0 0.114890 0.584355 0.078431 0.125408
0 0.212776 0.530842 0.064032 0.110703
0 0.327053 0.530025 0.089767 0.128676
0 0.050398 0.491217 0.051164 0.086193
0 0.125613 0.500817 0.054534 0.080065
1 0.021752 0.582516 0.042892 0.181373
0 0.139859 0.431168 0.040748 0.078023
1 0.179994 0.464461 0.048713 0.081699
0 0.226103 0.426062 0.048407 0.064542
0 0.299479 0.439542 0.045650 0.064542
0 0.434130 0.752042 0.159314 0.227941
0 0.475490 0.636234 0.109069 0.161356
0 0.746630 0.708742 0.134804 0.209150
0 0.726409 0.493668 0.060662 0.112337
0 0.952053 0.529412 0.076287 0.122549
0 0.863971 0.479167 0.067402 0.099673
0 0.356005 0.440564 0.045343 0.068219
1 0.405331 0.434436 0.034314 0.061683
0 0.465686 0.455882 0.047181 0.082516
0 0.459712 0.352124 0.040748 0.066993
0 0.505208 0.409722 0.036152 0.062908
0 0.563725 0.475286 0.053922 0.087010
0 0.591299 0.422386 0.037990 0.060458
0 0.595741 0.464052 0.033395 0.071895
0 0.680760 0.430964 0.040441 0.061275
0 0.797181 0.419322 0.045343 0.069036
0 0.649203 0.391544 0.031250 0.047794
0 0.752604 0.399306 0.039522 0.054330
1 0.614737 0.387459 0.032169 0.058415
0 0.311734 0.414011 0.033395 0.051879
0 0.905178 0.373775 0.035233 0.058007
0 0.853094 0.406250 0.040135 0.061683
0 0.942096 0.387868 0.044118 0.064134
0 0.983150 0.362745 0.033701 0.050654
1 0.972886 0.441381 0.051164 0.086193
1 0.704197 0.388889 0.035233 0.058824
