0 0.085047 0.576493 0.168224 0.279851
0 0.500000 0.702736 0.205607 0.360697
0 0.689252 0.411070 0.129907 0.200249
0 0.557009 0.327114 0.091589 0.149254
0 0.051402 0.216418 0.057944 0.099502
0 0.255607 0.301617 0.079439 0.133085
0 0.365421 0.246891 0.067290 0.125622
0 0.487850 0.220771 0.065421 0.105721
0 0.603738 0.171020 0.052336 0.080846
0 0.324766 0.432836 0.114953 0.176617
0 0.653738 0.258706 0.071963 0.124378
0 0.799065 0.278607 0.102804 0.156716
0 0.891121 0.254975 0.075701 0.129353
0 0.737850 0.192164 0.053271 0.078358
0 0.681776 0.210821 0.071963 0.100746
