0 0.190909 0.543597 0.094545 0.204360
0 0.384545 0.749319 0.147273 0.239782
0 0.638182 0.780654 0.189091 0.253406
0 0.848182 0.892371 0.194545 0.215259
0 0.050909 0.880109 0.098182 0.239782
0 0.060000 0.250681 0.087273 0.152589
0 0.025455 0.143052 0.047273 0.138965
0 0.130000 0.175749 0.070909 0.128065
0 0.186364 0.252044 0.081818 0.166213
0 0.195455 0.079019 0.070909 0.119891
0 0.255455 0.179837 0.067273 0.125341
0 0.334545 0.307902 0.087273 0.185286
0 0.430909 0.215259 0.076364 0.141689
0 0.489091 0.152589 0.072727 0.108992
0 0.514545 0.054496 0.065455 0.103542
0 0.519091 0.445504 0.103636 0.193460
0 0.580000 0.242507 0.072727 0.130790
0 0.615455 0.144414 0.078182 0.125341
0 0.700000 0.088556 0.087273 0.111717
0 0.761818 0.288828 0.087273 0.152589
0 0.948182 0.444142 0.096364 0.190736
0 0.808182 0.467302 0.100000 0.160763
0 0.957273 0.190736 0.074545 0.141689
0 0.887273 0.077657 0.069091 0.138965
0 0.794545 0.193460 0.072727 0.130790
0 0.712727 0.547684 0.145455 0.223433
0 0.850000 0.602180 0.158182 0.212534
0 0.285455 0.085831 0.069091 0.106267
