0 0.196401 0.648073 0.095462 0.164300
0 0.510955 0.617647 0.092332 0.156187
0 0.441315 0.538540 0.059468 0.103448
0 0.284038 0.530426 0.073552 0.123732
0 0.073552 0.507099 0.071987 0.109533
0 0.207355 0.480730 0.061033 0.085193
0 0.327074 0.494929 0.050078 0.089249
0 0.379499 0.494929 0.048513 0.073022
0 0.488263 0.498986 0.046948 0.089249
0 0.895149 0.582150 0.081377 0.113590
0 0.779343 0.509128 0.046948 0.081136
0 0.832551 0.509128 0.050078 0.085193
0 0.953052 0.508114 0.050078 0.087221
0 0.079030 0.373225 0.035994 0.056795
0 0.902973 0.492901 0.034429 0.056795
0 0.869327 0.495943 0.032864 0.058824
0 0.859937 0.430020 0.032864 0.044625
0 0.803599 0.396552 0.026604 0.042596
0 0.929577 0.404665 0.031299 0.046653
0 0.454617 0.457404 0.026604 0.046653
0 0.524257 0.488844 0.037559 0.073022
0 0.301252 0.425963 0.026604 0.048682
0 0.121283 0.378296 0.035994 0.050710
0 0.165884 0.353955 0.028169 0.042596
0 0.161189 0.394523 0.031299 0.046653
0 0.221440 0.415822 0.039124 0.056795
0 0.201095 0.370183 0.032864 0.042596
0 0.410016 0.461460 0.025039 0.046653
0 0.373239 0.421907 0.020344 0.036511
0 0.479656 0.375254 0.023474 0.040568
0 0.503912 0.406694 0.025039 0.046653
0 0.719875 0.488844 0.034429 0.056795
0 0.687011 0.479716 0.025039 0.050710
0 0.664319 0.472617 0.023474 0.052738
0 0.628326 0.465517 0.029734 0.034483
0 0.557903 0.397566 0.023474 0.040568
0 0.586072 0.399594 0.026604 0.036511
0 0.249609 0.320487 0.023474 0.036511
0 0.280125 0.318458 0.021909 0.036511
0 0.315336 0.376268 0.020344 0.038540
0 0.327074 0.410751 0.025039 0.042596
0 0.629108 0.412779 0.021909 0.034483
0 0.651017 0.396552 0.018779 0.038540
0 0.413146 0.416836 0.021909 0.038540
0 0.464789 0.413793 0.021909 0.036511
0 0.750391 0.459432 0.026604 0.042596
0 0.749609 0.421907 0.021909 0.032454
0 0.698748 0.380325 0.023474 0.034483
0 0.677621 0.416836 0.021909 0.038540
0 0.712050 0.414807 0.021909 0.034483
0 0.704225 0.443205 0.025039 0.034483
