0 0.701701 0.579837 0.135109 0.229024
0 0.935173 0.529538 0.127728 0.200342
0 0.121951 0.369007 0.108472 0.182363
0 0.064987 0.241224 0.067715 0.101455
1 0.464377 0.378425 0.090501 0.163527
1 0.715180 0.308647 0.069641 0.107877
1 0.958119 0.295805 0.061297 0.091610
1 0.443517 0.276541 0.054557 0.076199
1 0.556643 0.255351 0.047818 0.075771
1 0.642490 0.276969 0.046213 0.069349
1 0.680520 0.267979 0.035623 0.066781
1 0.732189 0.242509 0.039474 0.050942
0 0.203626 0.272902 0.056804 0.089469
0 0.303915 0.232663 0.055841 0.090325
0 0.786746 0.297089 0.063222 0.098459
0 0.832638 0.259846 0.035623 0.042808
