1 0.248843 0.614969 0.073302 0.137346
1 0.489776 0.789095 0.121528 0.184156
1 0.166860 0.551698 0.065201 0.104424
1 0.098765 0.481224 0.057099 0.085905
1 0.046489 0.448045 0.045910 0.083333
1 0.219136 0.417695 0.037809 0.061728
1 0.375193 0.468879 0.047454 0.074588
1 0.380787 0.410237 0.033951 0.043724
1 0.504630 0.496142 0.050154 0.091049
1 0.550926 0.416152 0.042438 0.064815
1 0.723958 0.465535 0.055170 0.081276
1 0.854167 0.572788 0.083333 0.145576
1 0.767554 0.394547 0.044367 0.072016
1 0.921296 0.453961 0.050926 0.068416
1 0.894290 0.508745 0.060185 0.084362
1 0.474923 0.434156 0.042438 0.058642
1 0.273920 0.468879 0.043210 0.066358
0 0.616127 0.387088 0.031636 0.052984
